906609
906609
906609
906609
906609
906609
906609
906609
906609
906609
906609
906609
906609
906609
906609
906609
906609
906609
906609
906609
906609
906609
906609
906609
906609
906609
906609
906609
906609
906609
906609
906609
906609
906609
906609
906609
906609
906609
906609
906609
906609
906609
906609
906609
906609
906609
906609
906609
906609
906609
906609
906609
906609
906609
906609
906609
906609
906609
906609
906609
906609
906609
906609
906609
906609
906609
906609
906609
906609
906609
906609
906609
906609
906609
906609
906609
906609
906609
906609
906609
906609
906609
906609
906609
906609
906609
906609
906609
906609
906609

